1305031102.160407 0.000000 0.000000 0.000000 0.000000 0.000000 0.000000 1.000000
1305031102.194330 0.000000 0.000000 0.000000 0.000000 0.000000 0.000000 1.000000
1305031102.226738 -0.000603 -0.001287 0.013656 -0.006849 -0.003043 0.000308 0.999972
1305031102.262886 -0.000482 -0.000521 0.026474 -0.011843 -0.006081 0.000855 0.999911
1305031102.295279 0.000219 -0.003391 0.040518 -0.017162 -0.008475 0.001626 0.999815
1305031102.329195 -0.000609 -0.002307 0.052005 -0.019052 -0.010198 0.003427 0.999761
1305031102.363013 -0.000436 -0.001398 0.064525 -0.021064 -0.012360 0.003446 0.999696
1305031102.394772 -0.004623 0.002107 0.074416 -0.022255 -0.013911 0.002103 0.999653
1305031102.427815 -0.005137 0.008875 0.084878 -0.026196 -0.017305 0.002041 0.999505
1305031102.462395 -0.002458 0.008151 0.099543 -0.034018 -0.020365 0.001981 0.999212
